2e 62 55 25
5f 2e 1a 38
16 56 4d 20
59 00 38 03
21 61 23 5b
51 33 5e 45
4b 4f 13 48
0e 1b 44 0c
19 35 32 14
33 1c 1d 49
0e 06 05 38
3a 0d 3b 2b
0b 5e 56 2c
2e 51 41 49
0c 54 62 1a
40 42 5b 59
29 55 0c 41
08 55 56 2b
02 4e 23 17
05 5d 2a 10
00 5c 17 2c
33 46 28 16
59 0b 14 1c
39 4b 37 32
0c 13 10 15
38 36 10 3b
55 34 22 2a
61 4c 3b 62
45 52 5e 48
04 57 5e 5d
62 42 49 08
29 1c 3a 06
63 4a 4f 38
51 5f 0f 42
63 01 08 61
1d 43 2f 32
02 5d 16 3a
50 10 34 4f
23 4d 57 1c
06 61 22 05
18 41 0d 05
0d 1c 47 0c
51 4f 3d 0b
63 08 3d 01
02 24 3b 22
04 3f 0d 27
29 34 44 63
32 36 38 4a
14 46 1f 21
32 02 61 20
21 3b 5f 54
13 38 55 49
2c 61 08 31
0c 15 58 05
1a 38 38 4c
0b 0d 02 53
23 21 10 55
57 41 45 48
18 10 39 2c
19 5e 45 45
2b 4d 12 38
33 07 0d 1d
3f 46 05 1a
23 3b 09 46
2c 4d 07 53
2b 1d 37 43
2d 0c 3f 46
3b 21 5c 02
3e 0a 3a 41
11 18 5e 21
5e 33 3b 1d
0a 45 33 06
2e 0a 59 29
27 61 09 25
3d 18 3b 14
09 33 17 18
3e 21 59 1f
39 54 40 33
23 18 20 62
2d 23 38 2b
00 00 00 00
00 00 00 00
00 00 00 00
00 00 00 00
00 00 00 00
00 00 00 00
00 00 00 00
00 00 00 00
00 00 00 00
00 00 00 00
00 00 00 00
00 00 00 00
00 00 00 00
00 00 00 00
00 00 00 00
00 00 00 00
00 00 00 00
00 00 00 00
00 00 00 00
00 00 00 00
00 00 00 00
00 00 00 00
00 00 00 00
00 00 00 00
00 00 00 00
00 00 00 00
00 00 00 00
00 00 00 00
00 00 00 00
00 00 00 00
00 00 00 00
00 00 00 00
00 00 00 00
00 00 00 00
00 00 00 00
00 00 00 00
00 00 00 00
00 00 00 00
00 00 00 00
00 00 00 00
00 00 00 00
00 00 00 00
00 00 00 00
00 00 00 00
00 00 00 00
00 00 00 00
00 00 00 00
00 00 00 00
